#Example of a very hard 16x16 sudoku

4 4
10  5 15  0 12  0  0  7  0  0  0  9  4 14  0  0
 0 14  0  4 11  2  0  0  0  0 13  0  0  0  6  0
 0  1  0  0 10  0  0  0  3  0  0 16  0  0  0  0
 0  8  0  0  0  0  0 16  6  1  7  0  0  0  5  0
 5 13  0  0  6  1  7  0  2  0  0 11 16  0  0  3
14  0  0  0  0  0  9 11  0  0  0 10  0  7  1  6
 0  0  0  0  0  0 15 10  0  4 16  0  0  9  0  0
 0  9  2  0 14  0  0  3  0  0  0  0 10 15 13  0
 0 15  0  0  0  0  0  6  0  9 11  0  3  0  0 14
 0  0  0  3  0  0  0  0  0 15  0  0  0  0  7  1
 7  0  1  6  0 15 10  5  4  0  0  0  2 11  0  0
 0  0  0  2  4 16  0 14  0 12  0  0  5  0  0 13
 0  0 13  0  0  0  0  0  0  0  2  0  0  0 16  0
 0  3  0  0  0 11  0  0  0 10  5  0  0  6  0  7
 0  6  7  1  0  0  0  0  0  3 14  0  8  0 11  9
11  0  0  8 16  0  0  4 12  0  0  7  0  0  0  0